% known coordinates
coord_Fest = [2813756.678; 516950.798; 5681546.661];
coord_Moh = [2815415.137; 518305.734;5680680.337];
coord_Hav = [2816111.078; 515693.222; 5680574.101];
coord_Ils = [2813724.983; 514124.344; 5681746.772];


% measured baselines
l1 = [1261.6688; 253.6125; -671.5976];
l2 = [-31.7206; -2826.4444; 200.0989];
l3 = [745.5990; -165.9953; -377.7119];
l4 = [1658.4608; 1354.9298; -866.3032];
l5 = [-2386.1162; -1568.8682; 1172.6616];
l6 = [-1608.7924; 1091.5795; 594.8372];
l7 = [-695.9285; 2612.5085; 106.2484];
l8 = [-1092.7287; 1511.1880; 300.9593];
l9 = [-777.3237; -2660.4480; 577.8077];
l10 = [516.0646; 419.6056; -293.8917];
l11 = [-396.7976; -1101.3202; 194.7104];

% A-matrix (33*6)





